NO
31464693352025340636512
53028297704050680282925
105956506309091459564960
175422460499995065224461
339845021099989129449032
570789943089979249997965
1140589886069959599985040
1546489845669566489835451
3091879692329231979681902
5183749483658464949463805
10267398978307028798937620
12941388760377416788313821
25772777521854723576628742
50555445054600536154356494
100020790218101181208811999
1099139592399202993305832000
1101524626391232926265151901
2193040252683554862529402912
4385089505368108725049806824
8671178910646127360109612658
17233347921283343820308324426
79675728224117682033282657697
159351356457146353175565415394
652865922028499994930218569345
1196831734067999989750448137601
2264150174647899987354819524512
4418409359185799974819530039134
8737709718370599950639069087278
17465519327731199901377248164656
83111703605042199015149639721127
155224497299193298139200270432265
717458569302125190531193064854816
1335917029693260282052397030709533
4694987337625763102676366237904864
9379084664262525116351633575799828
17669060417624061231604258240609567
94259664702864674447646929646706238
177520429395829348895293750393401487
961624822453221947739222344317427258
1814349535896444885488344698545853427
9057934994860883731372791683905287608
17125760088722856462746672368899685117
88284459975050521189212495156906437288
176557920940209942487325000214901885576
852146030352210466271574902263931641247
1594292169714419941444238914516962282505
6647114865868618265885738058696575207456
13194140622837126641771366227382259324922
36136535851209392959486028401204863474053
71183972691419875027981957791420717037216
132457044393839650946954015682840344975333
466036487442126161406603072621233785729564
931964074774252431713207234242478570360228
1754027150648494864415524368494956040829367
9393307557243443498670669053443416558033938
17786616113386887008331437996886844115067877
95662667258255756981744818075755175276736648
180326434515411514063589537041510460553363307
883689789579426654799574897456624975987986388
1767379579158853309598050894913249951975972776
8540175370758276504578559853946838471735710447
15980350742506662998168118608003567042471420905
66882768166583193078849304797930227567176729856
132775535343155397058589699684969366133363458722
360629898674819366545586685535762917476899035953
720160897349538634081173371081426835953797962016
1330430694709077258261346742261863671897596023043
4733637652690840939883823173890391380972556363374
9467274205481672870867536457779781861935123726748
17943547420873354750645082815460564623780148454397
97289031529606001257096910870066309961582622989368
183687954158122991623104712839141520022275136087647
930468585730343016765042930240467719244126595874028
1750947181351785934529084969481035329587164181738067
9359318995969645169830934664290289725458695999228638
17727548991938190449651859328680679340928391997368177
94913928911321094847260541724496373750112311981940948
179818847822642200584629984439002648599124623964872897
978097317149064196430830918928929133601370852713691868
1846293634407137302762760748747967168292831794427482747
9319140879378520231380458227218639840330148838791409228
17548182857766930561869826354447180671650407578571828367
93931000445337336179478000799810077488154374354400012938
177852000890684681367955002699510164985317747708800026877
956472009698432394957416018695710724748504233806800285648
1803054018306764800804843036292521339507997468703700560307
8833704091385412797864174289218824823588082144741805063388
17667309172859825606717458577348649538276054290573709136776
85430499910369070674001053261726235010036707186400899513447
159862099710837241437002106524442470020084314282702898916905
669481997918119654917022180768868071220818457020720889185856
1328063985945140409735044351637735152441537913932540688370822
3608802846397533607086486867015096686846916954348036581979053
7118594702705968203282973733920204373693724017705973064067116
13236199306501045307556937467940497747486547046401045139025233
46488292460511509382125412247345474221452117400411605538188464
92976476011122909853250824494799848442904245790923111967476928
175943952922255819607491748979699597885709481681845223034944857
934393383244804005792399337775696577732904188600397452294294428
1758885875499597012673808575551393155466897486100805894677687867
9446753640484677029521795221065324711224981248208765840463576438
17793507280970355057943689442239560312450952507416530680927152887
96618680189573916528469594863546153536949587482471838589197692658
182248359388157733956948189827081318073799183965033776187306374327
905721963169835064526330187197894498802781033624371528071260216608
1712334025340660237952660374406788997594562067249832067032629344117
8826773287648262627380263029364787873639292729847152727467833676288
17653536675295535144869535958728575748278496350684415355935657452576
85179012329250886593474905446013333331064449947528568915193320988247
159467914668402873176049899892026666662128900894968137720485642085405
664048161252430605045547909713293333282427899835639515925352061850356
1317106321505960120982086908437575666674745809581180021959604223690822
3598069545575551321793945993912342332432093906384070232654655459707953
7195149091140113642498782087814684664864287901878041464210410919316906
13291288281280238283907563185639369329728475704756983927320822828732823
46115071104082611222873303943122161726122133841327922210529041116952054
91141032218175112445845618776244324442244268771665744422157081234003218
172371075436250234890602236562488548884588536553320598843314262457017337
906081829698663583785625592198374037730472802185526697275366897027190608
1712173550497327156582251173406648075460946693481053284660733793955371217
8833909144470697821405753017373138721169412737192576141177971734509083388
17667718198842495532822505934745288332447726474296151182465932478928176776
85434901186266451960937675182208062755835981218246674006025357368109953447
159870891372641804020985339463427016611562061446404347912940823636220896905
669568914008969853240728744107587281728172785811337936933348969909418975856
1328148728918939696580368477226174553555355571512785763975707939709838841822
3609637117998336772374044349377930089108910287740534394832677337908117260053
7110264236095674534758978699855750287128710685479968799565453676905234629116
13229528561192438080418957399601610465346531261069937598139808442811559249233
46523824073016918973608531395617824029702932871769313579547891871928141841464
92938638255934738848206062792335647950494975743428627160185873832965184674028
174986286412858576706312235474770405899900950396758353220470757576920468357957
934740150442534333780334589332463464909899454474232885434078433435135151047428
1759480301974068668650769177564937919908808918838466870867165766870379202094867
9444382331704855344268449964213326117996908116233124590537734435475170232944438
17788874652420600688645800918426652236093905232466249289986358871059241565778887
96676631166715618574014799212693075487032968458128731190841047471661667213667658
182353262443332236048029608326475260973956046915168352490582095053313433327335327
905886985777645586638314702580336780614615425977742976297502935685546777589688608
1712773971555291173177520495259584560139131842065376061504916772371093555179377117
8830513687109192905953714546866320162620451152720235587445174486083019106973149288
17659927483128296712798429994721640435131991415330472273899348081175938124836299676
85359191325312253830882829831949043786551904568735085023891837802945220263309295347
159718481661514508751756649664007097573092820137469179937784666606780441615628490705
666813308177658596358423137403979062304121110513259880404731323764585856781813308656
1323616626365317181825746274808068014619132231916520859709462648618281713553616627322
3560882789918489009994208923887648270810454551080629467794189123900098849189882790553
7111855679737977910087428738865297531612009091261357935677487148899108697389755671206
13133621259575945930075846586630695063233918093422715861365865396699306494769521252323
45458833856325406329745203442947546785673000026658775465034430253703261452364733885454
90917667602650822560480406886004004571335000064317540039958860508495621904730567770908
171825444106391735219960913771997009142681000117635080080027720916902144710351244442817
890069886259409176429579941492077089679392000303876980879205039986814681903952688970988
1779149772518718362848269871995055179357695000597853961649499189962739353808905377931086
8580547507616801902220969691944516872945645006565393677155490979591221991987058157350857
16161085026124693893442929482890034636881301012030886463309982949281444083073225214801715
67871926278361731937861224411880371105684322022349750106319811442205883922715387272817876
135743753556713454876711448823771731211478644044698400223628622884422757836431774535735752
393281289033848093633935937050598053216375084491572512360805951728540436290749429893083283
775661687958795186267981764210106116431650278972146124711701002468079772681597760875265676
1452224266026590372545952628410213233853291558844202259323302014935269535363195620661432253
4974565926292504007905578022512246473375316047396125842646422163197864988094151827285654794
9949131753574018916800265936124492935860532984802261576392844315406620085098204753581309588
18808163607148047822600531981258975872612155069694612261785788531802240171296309507152629087
96900788777738417039704752794847734588833804765749733889643773750715740794170393677788809968
183891677555377724189409504500585469287667599522490567778187548600441481587241877455577510937
922907453110155866974593648507431251165432693748486334561152133605847386568669651011353709318
1736814806220312833840277397013762502330866378595882569122304268311693782048338202022708418547
9194962878422341172243151358152386534550519264554619249454356941419631502531720332248792604918
17389025856844671443595202727293883069099948429109248400008713773938163015954431764497575299837
91288283436291384889546238911231614849100432719301733399104752613210883275488849409363427398208
171577655872681879778003477712463240589299766429693456799299594226422866540087697728626865686427
896264224499509676558049145937085736582297420826618124792284636590640640840965675914905422461598
1791428449008929253127097191983181373064594842643246149584570274171380182781821352820899844924296
8715722938989211784408970002814896093819454259066708634539174005985272100689034882118909293166267
16342336868087324668718830015540791098538808627143318159088357912969454101487079753248807685441445
70756795538971560465797240161037713073926903808477490839971946932674005105368866395626894548765806
131613580088834219832683590311085337038844897617954971670934883964447021209648622802144878108531513
446749381967275428059530492431829806427283973797414688469383714698027134305034861714583758193847644
893497773824660845227960995863550702844667938683829485848766439306955268599070812539156527377795288
1776095547550312780446031991726110306779335787268757872688532887514010637198140535087222955755589686
8645951123142540585796450909086214464661694650056336500563872663544126909189446975959353513211496457
16192892246296080181592900728182428918324478300112673001128834328188253718279993951809805926423091925
69111924709246970997532898009917717100668360410150294101516276710170681900980923469917875190652921086
137124850318404842993965806910836324202435621920299499202922663310342453891070747049825839481395832282
419363443503343371934712877109190567215801851123294491232049197512766091910679316449074244294454254013
729815897995785842879326853128381234431593791355488983553207306025531183812457533888247587599798617927
1459532795991571585767662607346762369952197493710878868106404701159963367633816157866496175199597136854
6045850755907288532455178790714396069463271539729567648280352613759596044070878825542347927195569496395
11982800411824585964910467571418803029036434070558035307559704337409202978241857541084706754291140081801
22800804531070346712925043385706723319509774866128388393066747800501233859659433943031665297102540910712
44502709051249603325959976881402556530010649632167776775233595591092566620417767995953429604116081711534
88014427112390295761919953652805223059030209165425544551357290192096132140836635991905760298331172432078
175037854225779502512839907316609346228059318440741089103813480395191164391662271983822519507652344873166
836416297482485417741229079582802807419652402759043069250858294346013808298275981922037725485174803603737
1573722605954069945471458269155695615730295895617096029591815498602928516506561952844185440069459596218375
7311849565503670391285940860811751774022364840799055236498981484523303682472081581385930939674054658492126
13524798130008439781681772712614494637055619682698001562008951969155508454043262261881752870437110317973263
49762769431181847607400588938848540117610816598678028072098580660810582103484883989600371663917113507715794
99514539962353784224701287877696970246112623207267055154186270222612253208069767978100842338735227004442588
188038980034607567549501475854493050481334245414535200309262540455233417416039445856311584587470553997984187
969528779389682353034615134399423665195666799459798103311797954997666601466433904430417530353176984087815068
1830047559879353706070329168808758329302333598919595216613695909995333193032758897861933960706463968065641037
9131513168572999776763720856797330633215669598015558382739655108948665232271336986481164666780003757623041418
17272916436146000653428332703693662355541338096031127755578210217908330355631674963061438343559996516236192737
91002079697715996187811748740641276010844719067232415311350323286991644910958314593784820779160060679698120008
171004269395322002385514597480182661912789339035464720622701746563083389712025529198569532657330012459395140027
891045863349532036141750563372108182130772719401111827848729211094017376931191810283364948240530236053357540198
1782091616700164071184600026754126373270446429891224755697457322198934653962473611556730005382160471996726080396
8712897893691904684019600403305290115964010828803462303663031544188181094686209826132930070193865082072887983267
16336795776394710367930300795621579142828912647617913607326064187276461199381320751165970139298729174036875965445
70793753639441903157223408751737281461228029114896059669696696158951083182205518263825670443275030923404635728806
131676507279874806214457816404573563011456167130881229339393391228792275264421936537541450875550161837898271468513
447540680178612967270035870550309202135918739428703422733327313416824036918532301912946069629962770316870977144644
893982459257226044539962831199528305371738369857317736456664537724648974738063504816001148160035539533742063190388
1777073819504561980070024672300146710732575849703745471923319175438407938575237008641992286429970980156495017479786
8656820925451072870869271495291614718058334246752091191056610920911487424327607185052025050630671871810554201187557
16214631950001254652629632000494120535125568494593281481223112832814063848666115359213950992360352654512099491474125
68362051449022800277935961906425415886292253330635105302355331251053613335218268861363351016052978299722105405115386
136713201899145599565861022921761732772573506662270120515710651601207216670447537712815811933006955500544199820141772
413854230890590605125461362040279950508317583274972226671728166622279483275822814949982941153175521496086197922459403
718808460682271299251032713189569899926546155659944453333555343244558955661536620009954981416340043002181295954917717
1436527920274452499591076327379029799953181322219799895677110676599008912213182250008920962733570195994353582019726534
5792807023127987495501829700069327800475994444417809852437228442588988034444995849988130699970272155936898302316982875
11575703155166973891014550500029646699961988888726708704885455785178075178889991590075370300049553211884795515524065850
17431745706726722702250144500337003709481987775883795863640914625958837967778908589740062300555094231722761670654823361
33764591314343445415499200000663008508062975552857681816282819262818576825557827080470135601099199452445524431409536832
57628181727785999840998399011316115916135851105725263642574647524637252651115753161050172201099498903899958772729083565
114166274455571999671987898021543220932271602221350537285149295049273505401231606323001333512198888808799917545447266240
156829019001291997480876789236876321255877734325855910225742236632008558523437778562023678633097677985799093099919927651
313558938991682995070653579573752641521755468651711710462374484154028117046875557114147357266085356070598285200830856302
517216976994265890141307160236506382933511047292423530913858957418045234203740114239293614642060712141197571400670711615
1033334052998441681282524220482922775865922094594856071728618815737080558496480229578577220274122415282296133900350324330
1367564583091758604107666435203150534625142941543406879103806984008787143451382525264349513114346668104157582892854657631
2735129166074616118126332869316309969250395773086824757108703067028573186902874940528700026139693335118226154796709315262
5360268243049132346241666838632510047500890555183638515316306145046147473706650871058399062279375671336342319503328530634
9720626476108264782573432578355119986002671121257385931721722181181305837522201851115799214647762332762774638906757151269
19342144052206629555245765255819249961114252143514770963533534452452701675043413613122698330186514676515649266923503411548
103853574585172924206813406823922639583245883577572381688958977985989609416577538854239692622041771430771241927148547535939
1043389320426902066383847583964148936515704719353187288678548757845875792692352927396625628851370375749373671198734022894240
1468371524805813830123323314695737201782642011886150264464036336304644620505892101471782027266064233233210273294974262727641
2935644149600737550246646639302364404654383024871200528928072672609289241022773203934653054642028366466420656480058514466282
5762288308101584110493293277504828908218776048643401958757135435317587491044557407769217099274067732932841213850127928931674
10523686605312167231975685655109558815348453096197803906614270780635166082088025814547345197558125456856781328701145967754349
104869463559422949550741551107295137969722994948285831972767879487876827012967194850031697083148281115514694604822496636386850
163553100253651356047157062290136518765853053440055042701446664466644106151550044349259666814740982270661750554047452001355251
316106200508391811104323134579183937432805996880110194302893328933288213392100088699618234630372074531413491207203804002710612
532123400916694513298637270049456973865622993760111487615775668756686416883111177399126469369754049962736892325397609005312225
1054336901823488036597274539989914937830244987531222876230462326623263933667222244798353037749408990035473784640894228009633460
1697705910048468501471019840987964415133783961953450539624085592855904260449443602692773425143608889390201740949737509105967961
3395400929105847991942040780876027830377556924016899980248181175811708529799987194386646740288306779879303482008385909301045922
5690801968201685994785080570652066650854023758934799959506252361523526950699973298683204470675513560749705974005870928591091855
11272703926492470999580160041305222411598047627858599920102505613156053010299947697256409051242116121500511849001731957282172820
14099832202406181094391660553466346626688512907533599121137570744806573113299533569930498562664366435506620448909161420212900031
27100753404822372078794321106932693253277916904067198352275131589514146225499067140852087225328732871013239797927321840436799072
54200516809634745058587552124756475605555942708243297804539273188027303450888243181814064460568356831125589584954644680872499244
98499944618279391007186104238621862112001984526377586609969645276164596991767477462539020011225822573251168170009388371733999489
196999878335667781014372219476144714323004078052855063329939191443419293982436054825087930032352635256491336340028785653378998978
1076899751692255601058005414128680967553043858581305697619332105787611233905796613075958330355770076931403609750216552187257998669
10745897279504811721637068455525381743083382454284472672712653273662623573073761644934541733913460945145548618251282075148837985370
18104871163661839936918753009680288175017096998229089409750185900299859194801389093179970071948179297701034691863993915746117840071
35109742328413779873738396020459585359934104995368187720599381799500817300591887185469939143005367506391070473827987732382235680252
60318395556737558846575803039820161709968298991826366540099753600100535700094665371829879287000726101793139857565885463864560470405
110725802103574017703151696179530324410046596884643723189100507100201171499099231734649868573991442204686170715130771037630119851711
227884713140304194734668767865932568609422465831080856180094678202202876501080559081138564214005865240657866866438481512931328378722
455758536279519379569337436621975137109834931662261811260200356404405752991162217161277128438912730480226634732875972915972645867444
900527082559038659147574873244059174329669753434423523521399613908810405993224335323543267877814462059353269466841946831945281724998
1799954265108177308296239835598009438748448515779747056943799117927619722986349660647977625844737934009795647942583903662900562450007
8800496915200840402148737301577013836122933783577207726380691397094916842959846168127752784293216283018751037269511941380916187049978
17599904731391671893308364603155117662246858656154426342870283883289824774920682445155506657685432666126502074647923981860941383990066
83609843046298490826283011623717284285705534316709580771473231626188063613128506807600672343549659337281632721028263799480255124989637
157308785201506990562565024347335557681400068644310251632055363262276226226365924516191433687100417585553365332066526608969519159880275
729397737117476797188225257910691143395401854978501867061618985884948488589916160668204880547104604341087108752631791708574621747684026
1349884484243952604385361515712471286801803600066904733123238971769797977179732321436310760005209197682283128505154673506249333485477953
4947630327583378658149876573926294154720828600737041074355618689567777648978055534810407360068290284504025303656790507568842758330367384
9785260666155867315200853136961498209541757201374081258711127488035555308846221069511814730136570559018951597413579926137576615560734878
18569631321322624631500606284913096319092513511748262418312353976071110617693432248033619461164142018047893293727159951275262132221360757
94275943544448881847495779024152970400116659628239895502535793647672227685628753629459904172695671109416925241987760464917884444535057338
177650997088897753793902557938405931890234319255380890995171576306344455360268507150019797455391332209824850384085519939736768889070014587
963061068077765391733818138421464360792467512810178801046877438369898898963943678749117881008304764307964355223840729337094567769869071358
1816232037045530882467745186744017830495934916610367512994753787739797797927778457389226752026520528605027819348672547674288135540729231727
9087561307500849707235197955183205035564185172812943742832302565037775777305652032381384382192714924545414923825488025317168490948031557908
17185112615991798324370406800466499181018479345725778574664605130075551554611304064763857874375430739200719947641085940644247971005063215717
88936348666009772568975364815141490881312182803073654411410645441721067111614454711411445627129828220218919414041946347986637690956684373888
177773697331919446237949729729182982862514465695246308822822390883332243124328909312822891264160656341537728828193792705973165481023368737876
856511560652104007617457027121011810597658121756708507051036300706753585357717002541051694906757220756806018110121720655705810400157165115647
1603023122403108026125013054242023621206315144514318003201181501424507170715324006171202400714414342613601036220243441410422510801413230231305
6634343445544188178365154497662249922269477578658488045222897505659677887769565057982225408848568757749622299422667944515638718814455443434366